9820 56.44
3035 96.42
7427 70.01
6049 32.06
7227 -4.46
0707 10.99
8951 53.12
8951 43.56
8951 98.37
7047 97.73
7047 66.13
5650 79.29
7227 91.09
5650 -9.60
9584 88.83
8781 15.35
7227 16.97
5183 83.41
3035 45.94
7427 63.30
4652 54.88
5803 94.38
5601 62.76
0707 72.53
8306 85.69
5650 63.21
5650 28.46
6049 59.42
3035 73.33
7047 -8.03
3035 79.99
7047 43.54
5601 64.21
9553 22.00
8306 51.26
2924 39.02
8781 37.18
5803 76.53
8306 62.61
5803 95.91
8306 97.14
4652 49.73
9584 67.40
4652 80.61
9584 30.33
0707 -2.35
9992 93.03
