1 3 4 
11 42 59 62
21 78 119 108
31 183 105 223
41 240 243 290
51 240 247 300
61 192 221 262
71 312 441 392
81 378 397 468
91 489 297 589
101 420 357 530
111 342 477 462
121 450 549 580
131 399 677 539
141 633 589 783
151 840 735 1000
161 882 887 1052
171 573 979 753
181 906 867 1096
191 927 1155 1127
201 1020 1127 1230
211 969 803 1189
221 942 1117 1172
231 855 1065 1095
241 891 765 1141
251 1449 1207 1709
261 1008 1387 1278
271 1014 957 1294
281 1278 1483 1568
291 1317 1601 1617
301 1662 1505 1972
311 1836 1325 2156
321 1638 1785 1968
331 1122 1321 1462
341 1545 1255 1895
351 1863 1579 2223
361 1308 1541 1678
371 2151 1873 2531
381 1170 1455 1560
391 1404 1481 1804
401 1584 1633 1994
411 1632 1699 2052
421 1299 2379 1729
431 2223 1183 2663
441 1776 2425 2226
451 1818 1127 2278
461 2244 2215 2714
471 2088 985 2568
481 2346 2249 2836
491 1590 2637 2090
501 1827 1297 2337
511 2007 1163 2527
521 1707 2449 2237
531 2901 2853 3441
541 2958 1245 3508
551 2322 2761 2882
561 2532 2659 3102
571 2217 3209 2797
581 3369 2479 3959
591 3159 2663 3759
601 2145 2595 2755
611 2133 3327 2753
621 2094 2287 2724
631 1998 2581 2638
641 2628 3683 3278
651 2859 2279 3519
661 3135 3523 3805
671 3021 3683 3701
681 3555 2045 4245
691 3888 3589 4588
701 2805 2781 3515
711 3045 3383 3765
721 3264 4003 3994
731 3969 3729 4709
741 4071 1561 4821
751 4116 3797 4876
761 3729 4239 4499
771 4434 3387 5214
781 3162 4075 3952
791 2529 3715 3329
801 2634 4131 3444
811 3624 4481 4444
821 2862 4525 3692
831 3525 4213 4365
841 3756 4587 4606
851 4923 3851 5783
861 3255 4307 4125
871 3849 4847 4729
881 3738 2947 4628
891 4191 3047 5091
901 3960 4845 4870
911 3636 3833 4556
921 5388 5175 6318
931 4209 4915 5149
941 3825 4945 4775
951 3321 5319 4281
961 3084 5165 4054
971 3651 5319 4631
981 5778 5483 6768
991 3795 3365 4795
1001 4650 5477 5660
1011 3747 5339 4767
1021 3693 2229 4723
1031 4095 5621 5135
1041 5973 5279 7023
1051 5199 4743 6259
1061 4848 5775 5918
1071 4353 5879 5433
1081 3282 5831 4372
1091 3864 5381 4964
1101 5598 3067 6708
1111 4209 4997 5329
1121 6708 6187 7838
1131 5478 2473 6618
1141 4782 5073 5932
1151 6495 4987 7655
1161 4470 6307 5640
1171 6150 6197 7330
1181 6411 3965 7601
1191 3759 6043 4959
1201 5022 5773 6232
1211 6084 4075 7304
1221 4824 6069 6054
1231 4134 6811 5374
1241 5721 6825 6971
1251 7104 6321 8364
1261 6087 4821 7357
1271 5508 6243 6788
1281 6426 6825 7716
1291 5097 7081 6397
1301 7746 5227 9056
1311 4638 6957 5958
1321 6777 7415 8107
1331 4158 7253 5498
1341 7824 6929 9174
1351 4296 3195 5656
1361 4455 7355 5825
1371 5922 7699 7302
1381 7485 6251 8875
1391 4341 7729 5741
1401 4956 5733 6366
1411 5043 6883 6463
1421 6258 7831 7688
1431 5316 6505 6756
1441 8406 6231 9856
1451 4374 8141 5834
1461 8052 5291 9522
1471 4473 8083 5953
1481 4521 7673 6011
1491 5634 6893 7134
1501 5205 8345 6715
1511 5835 5947 7355
1521 8604 8523 10134
1531 5034 6669 6574
1541 6372 8121 7922
1551 5883 8431 7443
1561 4956 7223 6526
1571 6963 8595 8543
1581 7857 7869 9447
1591 5817 3807 7417
1601 9273 8055 10883
1611 5025 7921 6645
1621 8403 7825 10033
1631 7341 7875 8981
1641 6303 9111 7953
1651 8757 7379 10417
1661 5856 5631 7526
1671 9849 4891 11529
1681 7527 9271 9217
1691 8730 7591 10430
1701 6147 8919 7857
1711 7923 8433 9643
1721 7893 8083 9623
1731 10149 8967 11889
1741 5649 9637 7399
1751 9195 9827 10955
1761 8175 9207 9957
1771 8154 9183 9934
1781 8403 9895 10193
1791 10626 6879 12426
1801 6246 8637 8056
1811 6480 3833 8300
1821 6882 10123 8712
1831 8772 9455 10612
1841 7188 9963 9038
1851 9228 8691 11088
1861 6813 10097 8683
1871 10728 9295 12608
1881 8583 9195 10473
1891 10563 10235 12463
1901 6942 10669 8852
1911 11388 10159 13308
1921 7530 10811 9460
1931 6558 10687 8498
1941 7584 10737 9534
1951 11148 10809 13108
1961 10650 10665 12620
1971 10167 9409 12147
1981 8556 5269 10546
1991 11502 11221 13502
2001 10875 10461 12885
2011 6810 10563 8830
2021 10296 10723 12326
2031 11925 9597 13965
2041 9576 11449 11626
2051 10839 8865 12899
2061 9738 11003 11808
2071 8691 9043 10771
2081 10428 9459 12518
2091 9786 5583 11886
2101 11514 6567 13624
2111 10158 9559 12278
2121 10458 10227 12588
2131 7434 9397 9574
2141 11799 10827 13949
2151 11157 8629 13317
2161 8670 10447 10840
2171 12312 11611 14492
2181 10023 11103 12213
2191 11016 10339 13216
2201 9822 12257 12032
2211 11106 12277 13326
2221 7317 10483 9547
2231 10002 11461 12242
2241 7959 12077 10209
2251 9147 6443 11407
2261 8271 11799 10541
2271 7470 7745 9750
2281 12315 11451 14605
2291 10632 11873 12932
2301 7641 7545 9951
2311 8868 8329 11188
2321 13227 12741 15557
2331 13899 10955 16239
2341 12372 12527 14722
2351 13674 13129 16034
2361 7698 10431 10068
2371 12522 13173 14902
2381 9138 12173 11528
2391 11145 13277 13545
2401 13860 12517 16270
2411 10443 13521 12863
2421 14322 12429 16752
2431 11538 9115 13978
2441 13629 12059 16079
2451 8463 13427 10923
2461 12063 13701 14533
2471 9594 13365 12074
2481 11256 13519 13746
2491 9141 11585 11641
2501 14856 5873 17366
2511 14376 6625 16896
2521 12579 8743 15109
2531 12567 8785 15107
2541 9018 6121 11568
2551 8139 13575 10699
2561 13833 14067 16403
2571 9096 12661 11676
2581 10764 7849 13354
2591 11763 13555 14363
2601 13785 8283 16395
2611 7872 14193 10492
2621 15252 8221 17882
2631 9618 14133 12258
2641 11487 8489 14137
2651 11652 11585 14312
2661 15570 7421 18240
2671 13341 13635 16021
2681 13722 6769 16412
2691 8718 14671 11418
2701 12627 11051 15337
2711 11181 14959 13901
2721 10182 11241 12912
2731 14688 13577 17428
2741 13278 12431 16028
2751 14850 15667 17610
2761 9735 15365 12505
2771 10575 11003 13355
2781 10737 14575 13527
2791 10593 14779 13393
2801 9546 12505 12356
2811 12810 12555 15630
2821 11991 15315 14821
2831 16773 15089 19613
2841 11106 13967 13956
2851 10500 14233 13360
2861 16995 15989 19865
2871 15978 7331 18858
2881 16743 7977 19633
2891 12069 15889 14969
2901 12213 15241 15123
2911 14805 16365 17725
2921 13689 12751 16619
2931 13077 8063 16017
2941 16680 12741 19630
2951 13740 16291 16700
2961 17580 10873 20550
2971 11037 16461 14017
2981 14352 12289 17342
2991 9750 14087 12750
3001 14415 13615 17425
3011 17646 16555 20666
3021 13788 16199 16818
3031 14916 16727 17956
3041 17220 17009 20270
3051 10179 14989 13239
3061 11814 14325 14884
3071 12006 16879 15086
3081 11451 7273 14541
3091 17244 13011 20344
3101 14331 15795 17441
3111 14382 17459 17502
3121 11541 8897 14671
3131 10713 17181 13853
3141 9903 17051 13053
3151 17799 17257 20959
3161 14880 14653 18050
3171 17829 15571 21009
3181 16635 15887 19825
3191 14904 12797 18104
3201 10569 16967 13779
3211 9870 7375 13090
3221 17502 15037 20732
3231 11139 11395 14379
3241 18375 17991 21625
3251 10188 14539 13448
3261 13815 10749 17085
3271 14409 16105 17689
3281 13167 13269 16457
3291 13233 18255 16533
3301 16986 16925 20296
3311 16371 11499 19691
3321 13281 11503 16611
3331 13365 11877 16705
3341 10197 17353 13547
3351 11688 16417 15048
3361 17520 17901 20890
3371 20127 17423 23507
3381 17478 15653 20868
3391 11142 14065 14542
3401 10428 16945 13838
3411 17883 19013 21303
3421 12126 14251 15556
3431 15198 18209 18638
3441 19398 17921 22848
3451 14898 16743 18358
3461 12393 12371 15863
3471 15081 15807 18561
3481 11742 16703 15232
3491 11820 19333 15320
3501 18933 19491 22443
3511 18837 13291 22357
3521 13536 19363 17066
3531 10875 18433 14415
3541 11991 19457 15541
3551 11988 16659 15548
3561 11964 18833 15534
3571 16518 17029 20098
3581 13773 15497 17363
3591 19659 8355 23259
3601 18507 19591 22117
3611 11787 10483 15407
3621 19623 20065 23253
3631 12897 19377 16537
3641 14772 17703 18422
3651 19650 15373 23310
3661 13677 19465 17347
3671 11598 20587 15278
3681 13947 18489 17637
3691 16905 19517 20605
3701 17916 19659 21626
3711 14169 19177 17889
3721 20397 20667 24127
3731 15525 15393 19265
3741 20607 21107 24357
3751 17889 18063 21649
3761 13467 18493 17237
3771 14973 16997 18753
3781 12465 16003 16255
3791 17973 21125 21773
3801 19878 20741 23688
3811 22500 18681 26320
3821 15480 21121 19310
3831 17004 19985 20844
3841 18606 21045 22456
3851 15228 20727 19088
3861 13323 19063 17193
3871 17148 20531 21028
3881 16866 19987 20756
3891 12390 21755 16290
3901 13593 20125 17503
3911 13566 16713 17486
3921 13254 16683 17184
3931 13173 21323 17113
3941 21411 20865 25361
3951 15252 17129 19212
3961 19368 19545 23338
3971 23397 10523 27377
3981 19710 20143 23700
3991 16878 21971 20878
4001 21828 17457 25838
4011 14589 20379 18609
4021 19665 17305 23695
4031 19620 21743 23660
4041 23100 19079 27150
4051 13710 13915 17770
4061 20175 22777 24245
4071 22332 22587 26412
4081 18132 21695 22222
4091 18210 22489 22310
4101 13605 20099 17715
4111 22494 11829 26614
4121 13695 21141 17825
4131 18801 22957 22941
4141 24579 22073 28729
4151 20652 22163 24812
4161 14859 15047 19029
4171 15528 17261 19708
4181 14724 9029 18914
4191 21363 19061 25563
4201 13287 22993 17497
4211 17976 18627 22196
4221 23241 17181 27471
4231 17670 13745 21910
4241 19410 17967 23660
4251 15309 11851 19569
4261 23289 19625 27559
4271 18315 23889 22595
4281 15729 18869 20019
4291 15645 11403 19945
4301 23403 23199 27713
4311 15516 18199 19836
4321 13401 17669 17731
4331 16611 19687 20951
4341 24171 21749 28521
4351 17808 24355 22168
4361 20799 21857 25169
4371 20742 10365 25122
4381 26208 22279 30598
4391 18597 24607 22997
4401 23625 14315 28035
4411 26043 20347 30463
4421 18975 24779 23405
4431 16701 19615 21141
4441 21000 18761 25450
4451 21945 22381 26405
4461 19446 22853 23916
4471 15423 11445 19903
4481 25449 23671 29939
4491 19191 20305 23691
4501 16701 24689 21211
4511 18177 11515 22697
4521 20457 18919 24987
4531 16527 16891 21067
4541 17331 21031 21881
4551 21522 25185 26082
4561 15543 23313 20113
4571 13917 25049 18497
4581 15234 20263 19824
4591 26862 25545 31462
4601 27471 24447 32081
4611 14664 24921 19284
4621 22587 24541 27217
4631 17502 24883 22142
4641 24360 19301 29010
4651 15675 20627 20335
4661 20646 24883 25316
4671 16092 15051 20772
4681 24006 9885 28696
4691 15843 20969 20543
4701 24129 24653 28839
4711 18108 22001 22828
4721 15555 24813 20285
4731 16014 26185 20754
4741 23931 14477 28681
4751 14262 23339 19022
4761 18063 26895 22833
4771 14769 21811 19549
4781 21654 21287 26444
4791 17520 16829 22320
4801 16818 23837 21628
4811 20415 26877 25235
4821 25584 21877 30414
4831 17466 22415 22306
4841 19671 26329 24521
4851 22605 26815 27465
4861 24813 25813 29683
4871 24585 22575 29465
4881 17190 24183 22080
4891 23391 21945 28291
4901 28521 24963 33431
4911 17727 23371 22647
4921 22743 11195 27673
4931 15336 26687 20276
4941 23517 26311 28467
4951 23052 22589 28012
4961 19182 15365 24152
4971 19497 27617 24477
4981 25293 24089 30283
4991 27765 24619 32765
5001 27975 16959 32985
5011 25131 24987 30151
5021 16353 23795 21383
5031 19101 28227 24141
5041 16539 19733 21589
5051 15237 23299 20297
5061 23757 27315 28827
5071 20745 27671 25825
5081 24663 27769 29753
5091 22155 26435 27255
5101 23145 28261 28255
5111 16578 28727 21698
5121 16806 26251 21936
5131 29553 25863 34693
5141 30189 12987 35339
5151 21111 28207 26271
5161 26928 21373 32098
5171 26184 25793 31364
5181 23436 26687 28626
5191 28287 27191 33487
5201 26637 28077 31847
5211 19392 26497 24612
5221 25914 29083 31144
5231 21702 29259 26942
5241 24108 25321 29358
5251 24042 21855 29302
5261 23565 28429 28835
5271 19488 27583 24768
5281 21741 14159 27031
5291 19575 25305 24875
5301 29883 28891 35193
5311 17937 25369 23257
5321 21339 13941 26669
5331 26118 26245 31458
5341 24780 26269 30130
5351 30210 27375 35570
5361 28638 29639 34008
5371 17169 29891 22549
5381 19131 22805 24521
5391 16365 25795 21765
5401 25257 26709 30667
5411 30549 28159 35969
5421 23334 25955 28764
5431 29472 22675 34912
5441 32529 22467 37979
5451 17865 29373 23325
5461 19812 30029 25282
5471 18528 24865 24008
5481 18687 24987 24177
5491 27966 26361 33466
5501 31041 29039 36551
5511 31842 20349 37362
5521 22611 29691 28141
5531 32760 27241 38300
5541 28350 31191 33900
5551 21984 28133 27544
5561 23013 29211 28583
5571 33357 20831 38937
5581 21345 25697 26935
5591 18954 25317 24554
5601 30057 20581 35667
5611 17463 13373 23083
5621 29256 20901 34886
5631 21195 27327 26835
5641 25710 28287 31360
5651 17823 31465 23483
5661 21219 31151 26889
5671 28728 29603 34408
5681 27066 31723 32756
5691 32481 31721 38181
5701 28290 30711 34000
5711 31143 25317 36863
5721 19818 22541 25548
5731 32988 20247 38728
5741 19293 28111 25043
5751 32085 31731 37845
5761 19494 28627 25264
5771 29013 29587 34793
5781 19770 31059 25572
5791 30240 13465 36040
5801 20448 32591 26258
5811 24405 13313 30225
5821 33840 25503 39670
5831 23712 24713 29552
5841 23352 30133 29202
5851 29802 26219 35662
5861 34710 12995 40580
5871 35031 20359 40911
5881 18051 15159 23941
5891 27387 32399 33287
5901 29637 21109 35547
5911 29082 23497 35002
5921 24963 20767 30893
5931 30426 28527 36366
5941 25773 31469 31723
5951 23943 32371 29903
5961 35313 26867 41283
5971 19089 30971 25069
5981 24954 32065 30944
5991 21693 31909 27693
6001 33744 28415 39754
6011 28071 28715 34091
6021 30441 31559 36471
6031 24054 33607 30094
6041 32742 26053 38792
6051 35325 31765 41385
6061 23238 26803 29308
6071 23277 18725 29357
6081 25563 33379 31653
6091 25821 34089 31921
6101 34995 33713 41105
6111 27063 26057 33183
6121 32382 29117 38512
6131 31299 34353 37439
6141 26715 34015 32865
6151 35346 23005 41506
6161 29076 29913 35246
6171 29544 34331 35724
6181 25632 32101 31822
6191 18873 13003 25073
6201 28779 18221 34989
6211 24840 33793 31060
6221 27276 32159 33506
6231 28692 26349 34932
6241 25032 34863 31282
6251 31311 29131 37571
6261 37284 27305 43554
6271 29415 30035 35695
6281 19080 22233 25370
6291 28791 20677 35091
6301 29850 32249 36160
6311 24795 31231 31115
6321 22068 30317 28398
6331 25593 31803 31933
6341 19365 23957 25715
6351 21132 23343 27492
6361 20958 35875 27328
6371 22416 30517 28796
6381 19449 32851 25839
6391 30150 28869 36550
6401 20082 33299 26492
6411 34590 28681 41010
6421 34002 34221 40432
6431 23349 36147 29789
6441 35181 27429 41631
6451 25188 13185 31648
6461 33129 31047 39599
6471 32274 29845 38754
6481 20400 34417 26890
6491 38823 36187 45323
6501 36606 35985 43116
6511 20700 36309 27220
6521 31995 36709 38525
6531 36411 27597 42951
6541 23802 32925 30352
6551 23391 33915 29951
6561 37953 36765 44523
6571 28401 36945 34981
6581 21408 35657 27998
6591 21423 21381 28023
6601 30642 36953 37252
6611 24786 36893 31406
6621 33198 31727 39828
6631 38994 31705 45634
6641 36030 32669 42680
6651 39477 26207 46137
6661 25266 37367 31936
6671 30993 32827 37673
6681 27474 37055 34164
6691 36399 27975 43099
6701 30963 31059 37673
6711 33411 17331 40131
6721 30369 35223 37099
6731 23889 37435 30629
6741 36276 34793 43026
6751 36585 35939 43345
6761 21261 36763 28031
6771 27570 37093 34350
6781 21801 35597 28591
6791 32724 37543 39524
6801 26103 38151 32913
6811 30291 36921 37111
6821 32520 37767 39350
6831 27096 23707 33936
6841 24975 33703 31825
6851 31194 38687 38054
6861 28836 37835 35706
6871 21831 37131 28711
6881 28701 25353 35591
6891 22752 15933 29652
6901 33114 36673 40024
6911 24408 34771 31328
6921 25989 34909 32919
6931 22476 38389 29416
6941 37005 36851 43955
6951 41253 26301 48213
6961 30663 18097 37633
6971 23925 36995 30905
6981 35865 29387 42855
6991 36036 18085 43036
7001 34296 31649 41306
7011 30765 35039 37785
7021 32724 39091 39754
7031 25809 38553 32849
7041 29541 19675 36591
7051 37425 37847 44485
7061 27843 33877 34913
7071 27426 34281 34506
7081 40350 16993 47440
7091 24303 35995 31403
7101 30987 39633 38097
7111 38883 33065 46003
7121 41022 39445 48152
7131 31692 39593 38832
7141 33222 39681 40372
7151 27483 36611 34643
7161 29745 38275 36915
7171 31326 39753 38506
7181 23718 34261 30908
7191 28131 32009 35331
7201 26685 35657 33895
7211 39936 26763 47156
7221 32682 33943 39912
7231 39639 38433 46879
7241 29613 40061 36863
7251 30390 35669 37650
7261 39471 38109 46741
7271 38442 39949 45722
7281 40791 34429 48081
7291 26778 39591 34078
7301 39507 23259 46817
7311 39924 30311 47244
7321 34155 19811 41485
7331 30303 41051 37643
7341 33984 21931 41334
7351 28452 19443 35812
7361 37374 39699 44744
7371 37464 31823 44844
7381 33477 31447 40867
7391 35367 39907 42767
7401 34503 41145 41913
7411 26142 33011 33562
7421 26832 41999 34262
7431 41691 40481 49131
7441 43200 21469 50650
7451 43500 41349 50960
7461 34443 26197 41913
7471 30804 41679 38284
7481 41271 42129 48761
7491 24195 38127 31695
7501 44553 31903 52063
7511 37605 33399 45125
7521 23265 33211 30795
7531 23490 41961 31030
7541 44136 36937 51686
7551 45123 24571 52683
7561 40725 40293 48295
7571 34503 41719 42083
7581 23541 33965 31131
7591 38886 40501 46486
7601 45120 28655 52730
7611 45219 37043 52839
7621 36465 39371 44095
7631 44397 42477 52037
7641 44256 37927 51906
7651 24021 42625 31681
7661 43515 42377 51185
7671 45642 35721 53322
7681 35256 39547 42946
7691 43821 34759 51521
7701 29490 33287 37200
7711 38304 32657 46024
7721 24420 42195 32150
7731 30543 23727 38283
7741 28473 25811 36223
7751 27879 32295 35639
7761 28020 40849 35790
7771 32625 41839 40405
7781 38679 39171 46469
7791 24174 33009 31974
7801 33135 31633 40945
7811 28875 41937 36695
7821 42558 43395 50388
7831 40635 41139 48475
7841 27153 40495 35003
7851 29367 33893 37227
7861 35403 38249 43273
7871 29328 38701 37208
7881 28188 42615 36078
7891 40518 38267 48418
7901 35154 44189 43076
7911 24537 41435 32457
7921 43074 42519 51004
7931 27624 37553 35564
7941 41868 41311 49818
7951 32493 40443 40453
7961 26250 44093 34220
7971 25299 39057 33279
7981 30981 39329 38971
7991 31536 32295 39536
8001 39516 30407 47526
8011 38814 38661 46834
8021 31497 42067 39527
8031 42399 44767 50439
8041 34326 19637 42376
8051 37755 43695 45815
8061 44046 32645 52116
8071 37863 45283 45943
8081 38964 42359 47054
8091 44424 40589 52524
8101 48030 29205 56140
8111 42960 45623 51080
8121 48222 42233 56352
8131 48690 34613 56830
8141 32079 45047 40229
8151 34662 23765 42822
8161 38943 27881 47113
8171 43557 27205 51737
8181 25491 41969 33681
8191 32307 37439 40507
8201 40680 31047 48890
8211 36651 27449 44871
8221 24912 44913 33142
8231 39873 35545 48113
8241 32655 32019 40905
8251 25293 30327 33553
8261 26526 46095 34796
8271 30834 31047 39114
8281 48897 37931 57187
8291 33492 44893 41792
8301 34602 35435 42912
8311 33357 38845 41677
8321 48393 43475 56723
8331 36258 35919 44598
8341 39630 39129 47980
8351 36936 31141 45296
8361 34815 46005 43185
8371 29580 44159 37960
8381 36714 46357 45104
8391 47616 38813 56016
8401 36399 34617 44809
8411 38463 41343 46883
8421 28896 46525 37326
8431 32955 26035 41395
8441 27339 27971 35789
8451 48792 46455 57252
8461 31113 39837 39583
8471 28218 24227 36698
8481 29589 38393 38079
8491 48618 47503 57118
8501 44904 20811 53414
8511 46674 36623 55194
8521 42789 44659 51319
8531 33195 46351 41735
8541 38607 40457 47157
8551 29271 36503 37831
8561 50019 45491 58589
8571 45276 36853 53856
8581 31503 47155 40093
8591 32607 44747 41207
8601 29313 46337 37923
8611 36333 20723 44953
8621 50397 27157 59027
8631 27717 47275 36357
8641 37113 21785 45763
8651 39906 32005 48566
8661 42801 47175 51471
8671 43479 42755 52159
8681 29058 42987 37748
8691 39333 37481 48033
8701 44628 21137 53338
8711 29895 45649 38615
8721 42102 39719 50832
8731 26691 38691 35431
8741 41223 48983 49973
8751 38187 45669 46947
8761 40170 38581 48940
8771 41364 48993 50144
8781 32736 44067 41526
8791 46287 31541 55087
8801 51831 48529 60641
8811 34011 49237 42831
8821 31221 25731 40051
8831 52515 49323 61355
8841 37383 25481 46233
8851 49746 22047 58606
8861 26592 27489 35462
8871 46500 38499 55380
8881 29721 38009 38611
8891 44646 49155 53546
8901 31452 39243 40362
8911 38232 42137 47152
8921 38214 45995 47144
8931 50235 18409 59175
8941 39105 49767 48055
8951 29091 44211 38051
8961 39282 49961 48252
8971 42843 49059 51823
8981 47304 42331 56294
8991 29157 38009 38157
9001 32640 38983 41650
9011 39885 28159 48905
9021 51228 40063 60258
9031 27135 24311 36175
9041 33636 21753 42686
9051 27567 50367 36627
9061 36201 19053 45271
9071 37638 51111 46718
9081 39801 38319 48891
9091 38718 28763 47818
9101 45921 27437 55031
9111 52314 48707 61434
9121 37887 50517 47017
9131 39735 39585 48887
9141 51828 50653 60978
9151 45438 51291 54598
9161 35130 40965 44300
9171 38379 39761 47559
9181 45933 39027 55123
9191 30687 47477 39887
9201 30495 25783 39705
9211 30837 51665 40057
9221 29073 41759 38303
9231 51231 51281 60471
9241 42783 50045 52033
9251 42351 50281 51611
9261 39093 27883 48363
9271 46017 38341 55297
9281 47757 51795 57047
9291 37005 50519 46305
9301 29136 24429 38446
9311 46614 51463 55934
9321 44190 49837 53520
9331 55557 52199 64897
9341 50505 49747 59855
9351 28404 42259 37764
9361 28968 51363 38338
9371 54933 51823 64313
9381 30849 20983 40239
9391 51786 46773 61186
9401 39081 51447 48491
9411 45420 28393 54840
9421 46173 45889 55603
9431 50187 46865 59627
9441 48774 24393 58224
9451 49926 21371 59386
9461 33276 51253 42746
9471 38178 53231 47658
9481 30906 53353 40396
9491 44613 43847 54113
9501 41952 27801 51462
9511 55176 47429 64696
9521 36528 53329 46058
9531 52824 28389 62364
9541 40860 36505 50410
9551 54108 48547 63680
9561 47670 52533 57240
9571 40185 52285 49765
9581 47943 41043 57533
9591 40176 25005 49776
9601 36234 53863 45844
9611 47310 52335 56930
9621 43104 31941 52734
9631 56673 50699 66313
9641 57414 49333 67064
9651 49374 52337 59034
9661 30864 47005 40534
9671 37521 32943 47201
9681 37791 52807 47481
9691 37704 53425 47404
9701 50781 51945 60491
9711 55029 45131 64749
9721 41199 44765 50929
9731 41805 40861 51545
9741 49536 42113 59286
9751 32868 27081 42628
9761 43302 51479 53072
9771 51048 39429 60828
9781 54384 44879 64174
9791 56034 36913 65834
9801 30276 37731 40086
9811 33180 49827 43000
9821 30849 42085 40679
9831 35163 54801 45003
9841 51786 42959 61636
9851 36762 45927 46622
9861 55950 35743 65820
9871 44736 48165 54616
9881 35118 41215 45008
9891 31395 52043 41295
9901 51060 44787 60970
9911 53823 54907 63743
9921 35211 45865 45141
9931 39222 54093 49162
9941 38901 48971 48851
9951 32430 48761 42390
9961 35976 49995 45946
9971 58167 42967 68147
9981 31104 49967 41094
9991 42345 49285 52345
