1 9 18
11 153 422
21 369 935
31 531 1689
41 684 2390
51 1071 3186
61 1044 3974
71 1368 4848
81 1512 5888
91 1656 6781
101 2079 7679
111 2169 8512
121 2412 9554
131 2583 10286
141 2664 11649
151 2799 12850
161 3123 13733
171 3357 14798
181 3708 15815
191 4014 16976
201 3960 17943
211 3924 18939
221 4509 19940
231 4851 21252
241 5058 22487
251 5157 23232
261 5148 24529
271 5346 25865
281 5247 26807
291 5850 28046
301 5850 29230
311 6291 30280
321 6768 31576
331 6840 32834
341 7137 34044
351 6939 35211
361 6678 36599
371 7659 37913
381 7317 38822
391 7767 40072
401 7983 41455
411 8127 42369
421 8037 43756
431 8460 45022
441 8856 46566
451 9045 47337
461 8991 48791
471 8928 50071
481 9720 51015
491 9738 52219
501 10026 53557
511 10377 55159
521 10422 56099
531 10458 57497
541 11124 58941
551 11106 60097
561 11115 61517
571 11466 62805
581 11610 64044
591 11718 65266
601 11961 66648
611 12267 68276
621 12618 69428
631 12258 70732
641 12177 72354
651 13455 73221
661 13383 74687
671 13941 75924
681 13239 77562
691 13950 78836
701 13356 80022
711 14130 81425
721 14652 82965
731 14571 84066
741 15111 85342
751 15813 86721
761 15219 88524
771 15705 89845
781 15462 90418
791 16218 92354
801 15444 93477
811 16686 95098
821 16776 96547
831 16803 97184
841 16866 98996
851 17883 100704
861 17046 101689
871 17667 103491
881 17766 104769
891 18144 105617
901 17802 107286
911 18270 108557
921 18243 110523
931 18522 111089
941 18702 112869
951 19431 114351
961 19593 115959
971 19512 116979
981 20034 118425
991 20088 119766
1001 20250 121335
1011 20223 122849
1021 20943 123923
1031 21582 125773
1041 21087 126888
1051 21168 127980
1061 21177 129790
1071 21186 131341
1081 21339 132419
1091 21609 133827
1101 22275 135789
1111 22437 137103
1121 22608 138736
1131 23310 139839
1141 23616 141151
1151 24345 142537
1161 23805 144431
1171 22644 145977
1181 23904 147586
1191 24480 148123
1201 25263 149637
1211 24714 151369
1221 24597 152664
1231 25119 154259
1241 25677 155714
1251 25020 157535
1261 25434 158810
1271 25146 160512
1281 26118 161439
1291 25668 163204
1301 26991 164674
1311 26442 166146
1321 26649 168238
1331 27135 169231
1341 27621 170162
1351 27270 172023
1361 27585 173613
1371 28152 175488
1381 28035 176867
1391 27972 178315
1401 27900 178977
1411 28674 181412
1421 29502 182254
1431 29529 184312
1441 29439 186111
1451 29997 187204
1461 29619 188701
1471 29592 190009
1481 31005 191663
1491 29232 193732
1501 30681 194568
1511 31005 195933
1521 30915 197201
1531 30474 199294
1541 31347 200107
1551 32139 201938
1561 31806 203707
1571 31860 205070
1581 31932 206477
1591 31104 207542
1601 32670 208906
1611 31410 210610
1621 33174 212149
1631 32949 213878
1641 33975 215893
1651 34020 217218
1661 33975 219003
1671 33894 219865
1681 34317 222358
1691 35118 223088
1701 34920 224470
1711 35307 225931
1721 34893 227030
1731 35046 228816
1741 35694 230574
1751 35469 232284
1761 35523 233482
1771 35964 235559
1781 35766 236854
1791 37260 237839
1801 37368 239986
1811 38016 241225
1821 37314 242792
1831 37233 244301
1841 38196 245658
1851 38889 247347
1861 37305 248565
1871 38205 250494
1881 37800 251959
1891 38421 252818
1901 38043 255052
1911 39249 256375
1921 39555 257743
1931 39060 259912
1941 39888 260560
1951 40392 262720
1961 39267 264491
1971 39357 265439
1981 41130 267322
1991 40950 268218
2001 41580 270126
2011 39969 271529
2021 40662 272701
2031 41688 274368
2041 40284 275584
2051 41553 277660
2061 41058 279172
2071 42048 281392
2081 43191 282447
2091 43479 283743
2101 42678 285587
2111 43281 287582
2121 43011 289147
2131 43974 290526
2141 43722 292152
2151 43389 293329
2161 43533 295145
2171 43110 296808
2181 44190 298273
2191 44928 299603
2201 44658 301533
2211 45567 302468
2221 44784 304654
2231 45531 306065
2241 45351 308486
2251 45900 309691
2261 45747 311246
2271 46944 312351
2281 46449 313596
2291 47070 315453
2301 47574 317638
2311 47601 318750
2321 46800 320952
2331 46908 322219
2341 48573 323531
2351 47376 325584
2361 46917 326913
2371 48735 328268
2381 49230 330798
2391 47727 331539
2401 50121 333267
2411 49581 334633
2421 48834 336559
2431 50130 338231
2441 49797 339619
2451 48915 341341
2461 50724 342372
2471 50823 344570
2481 50337 345628
2491 50211 347768
2501 50850 349318
2511 50886 350472
2521 52254 352890
2531 51453 354098
2541 52668 355317
2551 51507 357367
2561 52101 359336
2571 53478 361807
2581 52263 362183
2591 53010 364069
2601 51633 365743
2611 54504 366958
2621 52317 368576
2631 53163 370719
2641 53388 372316
2651 53622 373735
2661 53757 375935
2671 53541 377040
2681 54315 378504
2691 55224 379017
2701 55998 382355
2711 55629 383934
2721 55620 384764
2731 55341 386797
2741 56601 388576
2751 56979 389694
2761 56637 392039
2771 57204 393472
2781 57231 394633
2791 56475 396570
2801 56583 397940
2811 58239 400141
2821 57114 401281
2831 57996 402283
2841 58203 404560
2851 58329 406523
2861 58104 408613
2871 59931 409399
2881 60021 411113
2891 58455 412768
2901 58914 414320
2911 58329 416472
2921 59049 416853
2931 60984 420174
2941 59967 420830
2951 61956 422581
2961 61074 424651
2971 59904 425648
2981 61650 427352
2991 60678 428588
3001 60894 430313
3011 62145 431466
3021 61101 433898
3031 61902 435686
3041 59796 437280
3051 63918 439190
3061 61659 440076
3071 62910 441847
3081 63036 443808
3091 63711 445207
3101 63477 447271
3111 63405 448552
3121 63756 450016
3131 63234 451724
3141 62856 453469
3151 63153 454550
3161 63585 457233
3171 65610 458289
3181 65052 460137
3191 65619 462847
3201 65943 463126
3211 65871 465478
3221 65259 467317
3231 65817 467918
3241 66969 470157
3251 65925 471130
3261 66672 472911
3271 66609 474928
3281 68463 476688
3291 68013 478421
3301 67950 480053
3311 68508 481665
3321 67806 483264
3331 68724 484827
3341 68616 486419
3351 68058 488045
3361 67995 490274
3371 67365 490809
3381 68814 493665
3391 69336 495136
3401 70470 496122
3411 68508 498663
3421 68049 498796
3431 70335 501637
3441 69192 502877
3451 69993 504814
3461 70425 506335
3471 69264 507835
3481 71505 509680
3491 72135 510229
3501 70740 513043
3511 71244 514249
3521 71361 517106
3531 71910 517104
3541 73206 520020
3551 72981 520663
3561 71667 522816
3571 72405 524634
3581 72576 526274
3591 73449 527246
3601 74583 530185
3611 73746 530994
3621 74214 533546
3631 74547 534444
3641 75051 535291
3651 74628 537912
3661 74457 539002
3671 74394 541647
3681 75582 543170
3691 74421 543624
3701 75717 545958
3711 75249 547961
3721 75672 549818
3731 76203 552198
3741 77103 552724
3751 76338 554534
3761 76788 555074
3771 76608 558485
3781 77589 559255
3791 77670 560597
3801 78750 562720
3811 77598 564828
3821 78543 566384
3831 79344 567818
3841 77922 568672
3851 78876 571067
3861 78606 571698
3871 78165 574134
3881 79938 575472
3891 79164 577658
3901 79659 579191
3911 79686 581486
3921 80208 583297
3931 79389 584814
3941 80469 586148
3951 82053 587261
3961 79767 588567
3971 80712 590446
3981 80892 592024
3991 82035 593590
4001 80766 595535
4011 81081 598291
4021 81864 598831
4031 81873 601735
4041 81756 603857
4051 82620 603498
4061 82071 606066
4071 84069 607286
4081 83061 609300
4091 84483 612203
4101 82467 612016
4111 85185 613438
4121 84204 615769
4131 84681 617713
4141 85761 619504
4151 85644 621319
4161 85203 623327
4171 84159 624747
4181 85167 626678
4191 85104 627676
4201 85851 629621
4211 86175 631591
4221 86283 632530
4231 85833 634836
4241 85554 636029
4251 87111 638183
4261 88722 639846
4271 86067 642227
4281 86535 643554
4291 86472 644941
4301 86337 647060
4311 87957 648114
4321 87318 649781
4331 88083 652192
4341 89523 654006
4351 87831 656023
4361 89208 656587
4371 88569 659325
4381 87903 660372
4391 89325 662271
4401 90288 664428
4411 90729 665566
4421 89487 668083
4431 90657 669611
4441 90756 671583
4451 91611 672601
4461 91467 674639
4471 92799 676023
4481 91053 677617
4491 91242 679217
4501 91737 681658
4511 92349 683656
4521 92988 685603
4531 92403 686672
4541 93384 688351
4551 94302 690489
4561 92160 692349
4571 92610 694050
4581 94113 695076
4591 93672 697681
4601 94311 700062
4611 92979 700071
4621 94347 702221
4631 95499 703395
4641 94932 704299
4651 94581 708194
4661 94572 709567
4671 93177 710493
4681 94824 712132
4691 96903 714480
4701 94896 716399
4711 96237 717988
4721 98109 720702
4731 95616 721113
4741 95769 722526
4751 97560 723917
4761 96984 725543
4771 98487 728705
4781 97650 729700
4791 96957 733280
4801 97803 733770
4811 97821 735694
4821 99027 737639
4831 98487 738286
4841 98505 740447
4851 98676 742113
4861 98856 744123
4871 98514 745079
4881 100350 747594
4891 99909 750040
4901 100116 752087
4911 100359 752774
4921 98784 754932
4931 100827 755791
4941 100674 757647
4951 100062 759935
4961 101358 761172
4971 101331 763323
4981 104040 764392
4991 101727 767980
5001 101448 768003
5011 105579 769924
5021 103707 771503
5031 103284 774414
5041 104184 775388
5051 103581 776692
5061 105039 779394
5071 103626 780899
5081 101871 782799
5091 106056 784663
5101 104220 785822
5111 103680 787098
5121 104688 789532
5131 105093 791761
5141 106452 793013
5151 105525 794779
5161 106623 796126
5171 105075 798153
5181 106011 800081
5191 106416 802004
5201 106704 803065
5211 105453 806173
5221 106227 807319
5231 106758 809519
5241 106515 812082
5251 107118 812519
5261 107370 813685
5271 108594 815637
5281 108108 818356
5291 107253 819488
5301 106938 821068
5311 108369 823350
5321 108153 825540
5331 108351 826668
5341 110682 828248
5351 109530 829713
5361 110502 831226
5371 111060 833981
5381 113400 835635
5391 111114 836249
5401 112221 839023
5411 108666 840378
5421 111294 841888
5431 111303 844437
5441 112338 845869
5451 110970 847741
5461 110961 848413
5471 111681 852053
5481 112158 852777
5491 113112 854986
5501 112689 856911
5511 113949 858058
5521 113067 860734
5531 113913 860776
5541 114363 863227
5551 112752 865489
5561 114525 867045
5571 113526 869151
5581 113598 870877
5591 114165 871809
5601 113697 873527
5611 114318 875753
5621 115434 878590
5631 114975 879072
5641 113931 881616
5651 115326 882064
5661 114930 885809
5671 115659 886031
5681 116433 889255
5691 116865 889768
5701 115704 892757
5711 117351 894009
5721 116298 896138
5731 118782 897149
5741 116631 897385
5751 116757 901433
5761 117756 903220
5771 118494 903905
5781 117603 905993
5791 117882 907654
5801 120897 908831
5811 118989 912244
5821 117495 913735
5831 117783 915077
5841 119043 916318
5851 121905 917821
5861 121293 919502
5871 118098 921541
5881 120582 923325
5891 121257 925826
5901 120078 926994
5911 120339 928600
5921 120717 931013
5931 124029 932899
5941 121608 934220
5951 123876 936922
5961 121248 937617
5971 122148 940666
5981 119502 941899
5991 122013 943956
6001 123570 944882
6011 123435 946015
6021 121221 948744
6031 125829 950511
6041 124038 953361
6051 123930 953618
6061 124596 955952
6071 125172 957395
6081 125145 959608
6091 124578 961919
6101 127134 962916
6111 126675 964461
6121 124695 966055
6131 125037 967022
6141 126090 970511
6151 124776 971482
6161 125532 972848
6171 127899 974494
6181 126729 977320
6191 128808 978340
6201 128781 980498
6211 128853 981829
6221 129672 984913
6231 127737 986640
6241 126783 988176
6251 126630 989601
6261 129483 990969
6271 127755 993060
6281 131256 994491
6291 128295 997130
6301 129816 997166
6311 128817 999787
6321 130203 1001316
6331 130617 1003369
6341 127872 1005695
6351 130221 1008069
6361 131499 1008579
6371 131130 1010976
6381 131904 1012165
6391 130887 1014407
6401 131067 1016278
6411 130410 1018040
6421 131193 1019859
6431 130311 1020887
6441 132480 1022951
6451 132354 1024998
6461 132588 1026732
6471 133722 1028467
6481 132399 1031460
6491 132876 1032681
6501 134532 1033517
6511 132426 1035278
6521 133542 1037810
6531 133668 1039390
6541 132705 1040670
6551 132741 1044069
6561 134343 1045947
6571 134712 1047543
6581 136692 1048765
6591 136602 1049652
6601 133938 1051917
6611 138150 1053562
6621 133740 1055492
6631 136116 1057640
6641 135981 1058186
6651 136890 1061262
6661 136908 1064093
6671 134865 1064365
6681 136782 1066360
6691 138366 1068587
6701 136098 1070638
6711 135936 1070103
6721 137043 1074373
6731 137709 1074996
6741 137259 1077719
6751 138654 1078411
6761 137970 1080565
6771 139788 1081885
6781 138186 1083410
6791 138267 1086370
6801 136323 1087243
6811 138420 1089202
6821 139950 1091400
6831 139788 1091825
6841 137628 1093953
6851 139797 1096103
6861 141273 1099523
6871 139716 1099384
6881 141021 1101187
6891 141246 1103576
6901 140643 1106125
6911 140562 1108058
6921 139932 1107963
6931 140292 1111844
6941 142695 1112693
6951 143586 1114089
6961 141156 1115157
6971 143307 1117921
6981 142938 1119593
6991 143055 1121759
7001 142524 1124011
7011 142515 1125145
7021 144846 1126583
7031 143712 1130120
7041 145323 1130833
7051 143019 1133466
7061 142857 1134206
7071 145080 1135827
7081 145629 1138237
7091 146943 1139338
7101 144414 1140053
7111 147330 1144263
7121 146736 1144343
7131 146295 1146959
7141 142758 1148773
7151 145485 1150471
7161 147249 1151800
7171 145557 1154732
7181 144117 1156093
7191 147816 1157109
7201 146628 1158690
7211 148788 1160975
7221 147015 1163318
7231 149661 1163913
7241 149067 1167648
7251 146619 1168012
7261 147834 1169954
7271 149868 1172423
7281 146385 1172549
7291 150444 1174260
7301 147150 1177727
7311 148392 1179047
7321 148689 1181226
7331 150858 1182795
7341 149328 1183905
7351 149472 1187135
7361 150975 1187744
7371 150021 1189700
7381 151677 1190340
7391 152370 1192040
7401 153846 1195381
7411 153261 1196432
7421 150336 1198609
7431 151533 1199851
7441 151191 1201446
7451 156420 1204648
7461 152469 1205994
7471 153405 1208079
7481 153072 1208374
7491 153216 1211601
7501 151749 1212499
7511 151965 1216005
7521 154404 1216047
7531 154206 1218591
7541 151560 1221599
7551 155718 1222133
7561 154692 1224338
7571 154539 1226193
7581 156843 1229000
7591 157113 1228957
7601 156474 1230579
7611 155124 1234217
7621 156771 1235009
7631 154422 1237179
7641 156825 1237648
7651 155250 1238862
7661 157428 1241194
7671 155853 1243886
7681 156951 1245483
7691 156582 1247476
7701 156618 1249150
7711 159516 1251506
7721 159309 1253197
7731 159444 1254950
7741 157986 1256384
7751 160128 1258002
7761 159237 1259918
7771 157212 1262574
7781 159246 1263304
7791 161145 1265560
7801 159984 1267795
7811 159273 1268522
7821 161217 1271918
7831 161307 1272122
7841 161181 1274348
7851 160335 1275075
7861 159714 1277350
7871 159966 1280748
7881 161964 1282274
7891 162360 1282978
7901 163449 1285587
7911 159543 1287169
7921 161082 1289155
7931 162900 1291062
7941 164133 1293704
7951 163773 1294475
7961 162738 1296238
7971 160434 1299046
7981 164889 1299140
7991 165771 1301217
8001 164790 1303000
8011 163071 1305837
8021 165222 1306775
8031 164304 1308708
8041 164817 1309917
8051 166248 1310625
8061 164385 1314706
8071 166581 1316789
8081 165321 1317907
8091 164493 1319871
8101 164574 1319941
8111 166950 1322694
8121 166680 1325125
8131 166671 1326356
8141 163611 1328545
8151 167751 1330986
8161 167994 1332082
8171 167940 1333886
8181 166338 1334996
8191 165339 1337678
8201 167382 1339160
8211 169146 1341248
8221 168768 1343155
8231 171099 1345112
8241 168912 1346019
8251 168129 1347533
8261 170397 1349500
8271 170028 1352342
8281 169002 1354398
8291 170064 1355385
8301 172404 1357773
8311 170640 1357477
8321 169785 1361510
8331 171801 1363275
8341 170226 1365625
8351 169596 1366452
8361 172035 1368600
8371 170775 1370246
8381 171576 1372653
8391 174429 1374935
8401 174042 1376054
8411 172746 1378243
8421 174906 1380451
8431 175095 1382028
8441 173826 1385190
8451 172944 1385188
8461 171621 1387618
8471 172962 1389168
8481 173556 1390446
8491 171774 1394661
8501 174690 1395566
8511 173187 1395844
8521 174366 1399881
8531 174456 1402147
8541 171738 1401791
8551 176841 1404677
8561 178290 1406314
8571 175032 1408567
8581 175203 1408224
8591 175482 1412415
8601 176175 1414708
8611 174330 1415565
8621 177912 1417037
8631 176085 1419049
8641 176985 1421110
8651 176553 1421962
8661 177624 1425662
8671 176184 1426161
8681 178542 1428724
8691 179721 1430575
8701 177255 1432636
8711 177885 1434349
8721 180027 1437458
8731 180171 1438146
8741 176886 1439989
8751 177480 1441504
8761 182196 1444143
8771 181170 1446206
8781 179451 1446881
8791 179010 1449594
8801 179982 1451315
8811 180702 1453300
8821 179046 1455166
8831 179118 1456970
8841 182259 1458732
8851 181899 1460114
8861 182061 1461513
8871 179433 1463444
8881 181008 1466336
8891 181170 1467728
8901 182034 1469189
8911 180621 1471789
8921 182250 1474374
8931 182682 1474862
8941 180684 1477428
8951 185688 1478890
8961 184140 1480031
8971 180612 1483782
8981 186120 1486778
8991 183717 1488148
9001 184347 1489174
9011 186300 1490238
9021 183663 1493521
9031 185931 1494832
9041 185004 1496457
9051 183753 1497950
9061 185238 1499866
9071 187335 1501930
9081 186732 1503457
9091 186732 1507065
9101 184932 1507027
9111 185913 1510114
9121 186606 1510955
9131 185454 1512699
9141 188577 1514676
9151 188523 1516923
9161 186354 1518233
9171 186426 1520741
9181 186750 1521543
9191 187479 1525733
9201 188091 1526615
9211 190080 1527982
9221 188604 1528812
9231 188820 1531748
9241 190143 1534143
9251 190413 1535756
9261 189144 1538479
9271 188757 1537903
9281 190359 1540063
9291 190251 1542681
9301 190476 1545428
9311 193077 1546715
9321 191043 1548385
9331 193752 1551117
9341 190737 1552505
9351 189972 1553890
9361 193248 1556834
9371 194130 1558669
9381 190107 1559308
9391 194094 1562335
9401 190746 1563275
9411 190215 1565145
9421 191313 1568324
9431 191421 1569566
9441 192708 1570333
9451 194193 1573322
9461 193284 1573551
9471 192951 1575694
9481 192924 1577996
9491 195498 1580644
9501 194247 1581565
9511 193059 1585099
9521 194886 1587673
9531 193266 1589484
9541 193185 1589379
9551 194238 1591974
9561 197217 1593447
9571 195309 1597858
9581 193518 1596086
9591 196911 1599868
9601 196029 1600642
9611 196920 1603437
9621 197982 1604887
9631 198801 1607401
9641 198468 1608915
9651 201555 1610003
9661 200331 1612922
9671 201159 1613867
9681 197586 1616670
9691 199674 1618682
9701 194931 1619941
9711 198081 1622260
9721 198396 1624682
9731 198495 1626328
9741 197001 1628405
9751 199314 1629318
9761 201339 1630423
9771 201186 1633665
9781 200214 1635709
9791 200790 1636791
9801 201294 1640841
9811 203571 1641399
9821 199440 1643722
9831 200043 1643937
9841 199269 1647888
9851 201582 1647525
9861 201735 1649736
9871 199287 1652403
9881 203040 1653834
9891 201618 1656793
9901 201753 1658740
9911 201204 1659944
9921 204507 1661809
9931 201411 1662365
9941 203643 1664548
9951 203472 1667173
9961 204606 1669399
9971 204444 1671005
9981 204291 1673770
9991 204885 1676602
