1 27
11 519
21 1310
31 2168
41 3263
51 4234
61 5262
71 6253
81 7435
91 8339
101 9627
111 10739
121 12048
131 13131
141 14330
151 15756
161 16811
171 17908
181 19316
191 20618
201 21882
211 23012
221 24301
231 25957
241 27206
251 28564
261 29585
271 31285
281 32510
291 33935
301 35627
311 36968
321 38339
331 39753
341 41070
351 41994
361 43511
371 44903
381 47143
391 47900
401 49550
411 50697
421 52091
431 53185
441 54814
451 56994
461 58112
471 59747
481 60689
491 61854
501 64074
511 65438
521 66537
531 68064
541 69318
551 70852
561 72561
571 74298
581 76328
591 77833
601 78101
611 80268
621 82002
631 83587
641 85427
651 86090
661 88793
671 89693
681 91422
691 92833
701 94028
711 95845
721 97561
731 98290
741 99885
751 102019
761 102971
771 106223
781 105752
791 107786
801 109439
811 111192
821 112612
831 114733
841 115828
851 117250
861 119364
871 120840
881 122072
891 124410
901 125982
911 127734
921 128109
931 130384
941 131321
951 133312
961 134470
971 136141
981 138577
991 139820
1001 140788
1011 142267
1021 145167
1031 146543
1041 147597
1051 149687
1061 151903
1071 153026
1081 154015
1091 156860
1101 158092
1111 159062
1121 161108
1131 162190
1141 164342
1151 166241
1161 167256
1171 169515
1181 170545
1191 172742
1201 172893
1211 175527
1221 177811
1231 178340
1241 179952
1251 181912
1261 184511
1271 186033
1281 188622
1291 189907
1301 192033
1311 192910
1321 193945
1331 196704
1341 197888
1351 199389
1361 201821
1371 202019
1381 203955
1391 207105
1401 208328
1411 208581
1421 211708
1431 212890
1441 214094
1451 216946
1461 218268
1471 218799
1481 221807
1491 222780
1501 223550
1511 225620
1521 228177
1531 230165
1541 232121
1551 233944
1561 236454
1571 237350
1581 237901
1591 239701
1601 242760
1611 244073
1621 245836
1631 247060
1641 248599
1651 250113
1661 252008
1671 254718
1681 254881
1691 256053
1701 257694
1711 261491
1721 262472
1731 264696
1741 265993
1751 267160
1761 270730
1771 271303
1781 272741
1791 274778
1801 276425
1811 278882
1821 279800
1831 281926
1841 283701
1851 283955
1861 286510
1871 289107
1881 290171
1891 292386
1901 293380
1911 293679
1921 297238
1931 297175
1941 300176
1951 302558
1961 303748
1971 305553
1981 307448
1991 309624
2001 311187
2011 311871
2021 314708
2031 316230
2041 317639
2051 320265
2061 320778
2071 322916
2081 325357
2091 326937
2101 329574
2111 328060
2121 331689
2131 335056
2141 335444
2151 336916
2161 339305
2171 339003
2181 342356
2191 345036
2201 345982
2211 348640
2221 351494
2231 351238
2241 352411
2251 353976
2261 356155
2271 360350
2281 360888
2291 362167
2301 364213
2311 365271
2321 366668
2331 368782
2341 370415
2351 373557
2361 375215
2371 377363
2381 379742
2391 381171
2401 381514
2411 384605
2421 384333
2431 387422
2441 389780
2451 391570
2461 392767
2471 394485
2481 397144
2491 398900
2501 400402
2511 401580
2521 402750
2531 405970
2541 407053
2551 410333
2561 411547
2571 412627
2581 415716
2591 416251
2601 417632
2611 420477
2621 423813
2631 425266
2641 425633
2651 426657
2661 428713
2671 431743
2681 432808
2691 436116
2701 435471
2711 436115
2721 439826
2731 442319
2741 444513
2751 445366
2761 448373
2771 448598
2781 452981
2791 453224
2801 456092
2811 455584
2821 458779
2831 460027
2841 462614
2851 464343
2861 466441
2871 467590
2881 471127
2891 472505
2901 473472
2911 474547
2921 476710
2931 479227
2941 479575
2951 481851
2961 484474
2971 487155
2981 488603
2991 490526
3001 492798
3011 493247
3021 494003
3031 498752
3041 498879
3051 502394
3061 502413
3071 504941
3081 505562
3091 508153
3101 509282
3111 512228
3121 514125
3131 514284
3141 519450
3151 517992
3161 520937
3171 521533
3181 523143
3191 527588
3201 529093
3211 530329
3221 532144
3231 533308
3241 536788
3251 538662
3261 540109
3271 542212
3281 543477
3291 546355
3301 546975
3311 548121
3321 551646
3331 554201
3341 556036
3351 556162
3361 557283
3371 559965
3381 559896
3391 564231
3401 567476
3411 568493
3421 569444
3431 570283
3441 573203
3451 576125
3461 575880
3471 577780
3481 581883
3491 581495
3501 583970
3511 586310
3521 588154
3531 591666
3541 593332
3551 593602
3561 596622
3571 596486
3581 598190
3591 600127
3601 601425
3611 605074
3621 607499
3631 607318
3641 611829
3651 611875
3661 614503
3671 615950
3681 617719
3691 620333
3701 621628
3711 623349
3721 625299
3731 628744
3741 628054
3751 630419
3761 630284
3771 634824
3781 634769
3791 639418
3801 640167
3811 640133
3821 642599
3831 647709
3841 646740
3851 651140
3861 651932
3871 651867
3881 655586
3891 657164
3901 658871
3911 659727
3921 662358
3931 663490
3941 668350
3951 668068
3961 670855
3971 672160
3981 673396
3991 674031
4001 677759
4011 678981
4021 681696
4031 683664
4041 683916
4051 686199
4061 689523
4071 691128
4081 693719
4091 695300
4101 697084
4111 697640
4121 701075
4131 701904
4141 704289
4151 705010
4161 706477
4171 710590
4181 712057
4191 712509
4201 714414
4211 717104
4221 717204
4231 720303
4241 723751
4251 723633
4261 727167
4271 726263
4281 730580
4291 733794
4301 735160
4311 737172
4321 738341
4331 740723
4341 743205
4351 743725
4361 745976
4371 747181
4381 751041
4391 750266
4401 753162
4411 754073
4421 755794
4431 759984
4441 761940
4451 763291
4461 766244
4471 766555
4481 770348
4491 771664
4501 772964
4511 773144
4521 777787
4531 779554
4541 781566
4551 782175
4561 784601
4571 787645
4581 788586
4591 789759
4601 792289
4611 794739
4621 796348
4631 797700
4641 800246
4651 803021
4661 805435
4671 806365
4681 808847
4691 810493
4701 812493
4711 814276
4721 817294
4731 818566
4741 819864
4751 821894
4761 822520
4771 826949
4781 827414
4791 829969
4801 831249
4811 834712
4821 833625
4831 839318
4841 837674
4851 843514
4861 843039
4871 844123
4881 847264
4891 848544
4901 851394
4911 853682
4921 855644
4931 860461
4941 860388
4951 860982
4961 862709
4971 863944
4981 866790
4991 868677
5001 870953
5011 872853
5021 873738
5031 876424
5041 880129
5051 881045
5061 882302
5071 883647
5081 885905
5091 887774
5101 890308
5111 890391
5121 893682
5131 895937
5141 899670
5151 903683
5161 902044
5171 904664
5181 904573
5191 907865
5201 911007
5211 914281
5221 915423
5231 915641
5241 920914
5251 918877
5261 921744
5271 922580
5281 925382
5291 926109
5301 929208
5311 930514
5321 936083
5331 935122
5341 938022
5351 938841
5361 942258
5371 941631
5381 945170
5391 946787
5401 948548
5411 952244
5421 952070
5431 956453
5441 957067
5451 958181
5461 961444
5471 962412
5481 965373
5491 966954
5501 968016
5511 970836
5521 974220
5531 973594
5541 977252
5551 979342
5561 979282
5571 983917
5581 984293
5591 985524
5601 988844
5611 990929
5621 991894
5631 993761
5641 997773
5651 998475
5661 999656
5671 1001547
5681 1003313
5691 1006428
5701 1008522
5711 1010948
5721 1013909
5731 1016360
5741 1017693
5751 1018172
5761 1019265
5771 1020623
5781 1022235
5791 1027114
5801 1026250
5811 1029512
5821 1033458
5831 1035230
5841 1035598
5851 1036501
5861 1038789
5871 1044105
5881 1041203
5891 1045819
5901 1048570
5911 1050851
5921 1050995
5931 1051217
5941 1056018
5951 1057849
5961 1059571
5971 1061793
5981 1064403
5991 1065485
6001 1067304
6011 1070092
6021 1071474
6031 1073644
6041 1075074
6051 1078535
6061 1080689
6071 1081732
6081 1082481
6091 1085021
6101 1086927
6111 1088348
6121 1089012
6131 1092372
6141 1094661
6151 1098065
6161 1099270
6171 1100004
6181 1104273
6191 1106096
6201 1106565
6211 1109247
6221 1111271
6231 1113769
6241 1112661
6251 1118405
6261 1119002
6271 1122117
6281 1122116
6291 1127194
6301 1128130
6311 1127988
6321 1133050
6331 1132930
6341 1135000
6351 1139352
6361 1138051
6371 1142094
6381 1142189
6391 1144580
6401 1144876
6411 1149531
6421 1150983
6431 1152799
6441 1156263
6451 1155966
6461 1159510
6471 1163580
6481 1165206
6491 1166375
6501 1168041
6511 1168939
6521 1170256
6531 1171196
6541 1176034
6551 1176797
6561 1177755
6571 1182394
6581 1183325
6591 1184300
6601 1186029
6611 1188799
6621 1191773
6631 1193466
6641 1194801
6651 1195870
6661 1199651
6671 1202744
6681 1202817
6691 1203717
6701 1207341
6711 1207907
6721 1210183
6731 1210293
6741 1216278
6751 1217839
6761 1217413
6771 1220307
6781 1222307
6791 1225587
6801 1228270
6811 1229217
6821 1230544
6831 1232546
6841 1234119
6851 1237285
6861 1239801
6871 1241470
6881 1239769
6891 1244792
6901 1244844
6911 1248108
6921 1251690
6931 1252955
6941 1254567
6951 1255891
6961 1259024
6971 1260234
6981 1262009
6991 1264539
7001 1265700
7011 1268007
7021 1272204
7031 1272619
7041 1273591
7051 1276208
7061 1280028
7071 1280999
7081 1283867
7091 1283441
7101 1285470
7111 1291692
7121 1290302
7131 1292862
7141 1294792
7151 1296232
7161 1299650
7171 1299475
7181 1301441
7191 1302389
7201 1306404
7211 1309369
7221 1312185
7231 1312375
7241 1313855
7251 1314925
7261 1319282
7271 1321083
7281 1325164
7291 1324081
7301 1323335
7311 1330362
7321 1330331
7331 1333165
7341 1332219
7351 1336305
7361 1340471
7371 1339776
7381 1343439
7391 1342867
7401 1345523
7411 1347984
7421 1353656
7431 1354918
7441 1353220
7451 1357916
7461 1357418
7471 1361917
7481 1363241
7491 1367414
7501 1367482
7511 1367398
7521 1370897
7531 1373784
7541 1374253
7551 1375858
7561 1379863
7571 1379872
7581 1380858
7591 1384008
7601 1387344
7611 1389846
7621 1391165
7631 1393141
7641 1393303
7651 1397008
7661 1399343
7671 1402028
7681 1400464
7691 1407017
7701 1406641
7711 1410584
7721 1413372
7731 1412000
7741 1415049
7751 1416212
7761 1418144
7771 1420734
7781 1424579
7791 1424510
7801 1425676
7811 1429077
7821 1432446
7831 1433150
7841 1433053
7851 1434926
7861 1435777
7871 1439727
7881 1443882
7891 1445939
7901 1447823
7911 1449436
7921 1452861
7931 1453065
7941 1454968
7951 1457695
7961 1460280
7971 1461137
7981 1461759
7991 1465456
8001 1465775
8011 1468801
8021 1472335
8031 1472181
8041 1474790
8051 1477561
8061 1476705
8071 1479592
8081 1482812
8091 1484282
8101 1485467
8111 1488953
8121 1491794
8131 1495844
8141 1494086
8151 1498086
8161 1498170
8171 1501051
8181 1503930
8191 1507441
8201 1508325
8211 1507343
8221 1510924
8231 1514022
8241 1516846
8251 1516609
8261 1519978
8271 1523019
8281 1523562
8291 1523962
8301 1527791
8311 1531186
8321 1530022
8331 1532254
8341 1535673
8351 1537961
8361 1540954
8371 1541101
8381 1546476
8391 1546601
8401 1549516
8411 1552901
8421 1552492
8431 1554576
8441 1556119
8451 1559049
8461 1560021
8471 1561435
8481 1566048
8491 1567858
8501 1568401
8511 1570813
8521 1573683
8531 1575567
8541 1578760
8551 1579481
8561 1581999
8571 1586233
8581 1588250
8591 1586980
8601 1591111
8611 1592466
8621 1593517
8631 1598673
8641 1597810
8651 1601630
8661 1603566
8671 1602655
8681 1603760
8691 1609471
8701 1609672
8711 1613474
8721 1616866
8731 1616079
8741 1619340
8751 1619416
8761 1625461
8771 1622657
8781 1627984
8791 1630624
8801 1632008
8811 1635787
8821 1636691
8831 1639918
8841 1638366
8851 1638073
8861 1641038
8871 1645749
8881 1647407
8891 1649836
8901 1653316
8911 1653601
8921 1659096
8931 1660673
8941 1660671
8951 1660088
8961 1665930
8971 1667915
8981 1667988
8991 1670808
9001 1673011
9011 1674755
9021 1676561
9031 1677704
9041 1680169
9051 1684053
9061 1685036
9071 1686591
9081 1689486
9091 1692476
9101 1695373
9111 1697925
9121 1696780
9131 1699585
9141 1701517
9151 1704150
9161 1706639
9171 1708868
9181 1707794
9191 1712849
9201 1716002
9211 1717469
9221 1717490
9231 1722045
9241 1722178
9251 1726086
9261 1727064
9271 1728036
9281 1731245
9291 1734603
9301 1735088
9311 1736382
9321 1742444
9331 1742257
9341 1742001
9351 1745238
9361 1748077
9371 1748497
9381 1751659
9391 1752619
9401 1756598
9411 1756285
9421 1758730
9431 1761080
9441 1763157
9451 1766251
9461 1768057
9471 1771902
9481 1774468
9491 1774499
9501 1777755
9511 1780162
9521 1779921
9531 1784992
9541 1785828
9551 1787505
9561 1788508
9571 1789376
9581 1795332
9591 1796483
9601 1797019
9611 1800292
9621 1800422
9631 1802591
9641 1807425
9651 1804661
9661 1813114
9671 1812815
9681 1812484
9691 1816569
9701 1816551
9711 1822799
9721 1822771
9731 1822512
9741 1828619
9751 1828352
9761 1831713
9771 1833146
9781 1834955
9791 1839560
9801 1839436
9811 1844029
9821 1842175
9831 1849140
9841 1846558
9851 1852636
9861 1854340
9871 1853136
9881 1855697
9891 1861043
9901 1859135
9911 1862618
9921 1866950
9931 1868668
9941 1869790
9951 1873977
9961 1873020
9971 1877093
9981 1876769
9991 1878655
